.Random.seed <-
c(403L, 268L, -263700806L, 1934209468L, -1373404417L, -759794091L, 
-388329108L, -1972399678L, 2098219549L, -17812841L, -1339663362L, 
1044862904L, 1380756379L, 972861945L, 1215701320L, 334838902L, 
2127923633L, -180381725L, -289463118L, 1772562692L, -2102291897L, 
-1334520547L, -2020232300L, 1168164666L, 1126673285L, 240001119L, 
301081318L, -1045075600L, 1195692691L, -276911311L, 1701558752L, 
687464062L, -879164151L, 301053755L, -1012150518L, -1947537684L, 
1329642351L, -1319129947L, 1878412892L, 1763624498L, -4958931L, 
1656628199L, -1982463218L, 578790632L, -2086510869L, 1392373641L, 
-1794315496L, -1519002042L, -1413009759L, -1985121997L, -1661648734L, 
-2023256172L, -239239657L, 933480973L, -207945948L, -1815074038L, 
-1606359435L, 726775247L, 1091034838L, 333382272L, 1802988739L, 
1616808545L, -985890096L, -1687301074L, 272923097L, -554580501L, 
-912912294L, 69190172L, 55178015L, -52787339L, 1847578124L, 528906210L, 
-1379345219L, 1315969847L, -357694498L, 110067992L, -25090949L, 
429029913L, -1249588568L, 1801085014L, 1278180561L, 1675356291L, 
1006230290L, -1977811292L, -1864168857L, 29983677L, -1705525964L, 
-2060912998L, 1903666405L, 771462783L, -409870330L, -1159314544L, 
1117892147L, -660496943L, -1675378816L, 1398125150L, 1443236265L, 
-200775589L, -198979478L, -988970740L, 1782438735L, 701523973L, 
1101190844L, -427634798L, -2026873715L, 1334766279L, 2095426478L, 
222037512L, -2120852981L, 933796585L, 943179192L, -305962394L, 
353079041L, -1321014893L, 1105986114L, 790267380L, 651665399L, 
-557538323L, -1275229052L, -799690070L, 986646549L, -1915899729L, 
168566454L, 1104776416L, 424833059L, -600486079L, -2026458576L, 
1587826766L, -1233776455L, -436149045L, -316757638L, 1776301180L, 
-1173536577L, 1215128981L, -1237084756L, 150761346L, 550606173L, 
-1598116777L, -440988866L, 928928632L, 252690523L, 1967065017L, 
-1094183416L, -979852106L, 73679857L, 2010582563L, -365121934L, 
654480580L, 2119950983L, 1318820445L, 1914051668L, -1632242054L, 
-561052219L, -551409889L, 468533926L, -1943444432L, 1746589395L, 
436565233L, -1785016288L, 57738942L, 130257609L, -2126550917L, 
-2127854006L, -342179156L, 348116399L, -2051852955L, 1560609564L, 
1301161842L, 1546189805L, -2091561945L, 690549838L, -484190040L, 
-2143111509L, -1211194423L, 850214872L, -1412376954L, 1741262689L, 
-1200012557L, 441630050L, -1720329260L, 1554357975L, -674683699L, 
-1578589084L, -406967734L, 2035134389L, 1062654735L, -927895530L, 
-2229568L, -80372605L, 1144924321L, -1460044144L, -1362936466L, 
-2139518183L, 1265323947L, -1516327526L, -2049222308L, 868347999L, 
1768472629L, 1961530316L, 234034978L, 1089448317L, -1705196937L, 
-1876706402L, -1542428072L, 1697661883L, -1331460775L, -1670062360L, 
-1859789034L, 1057190033L, 452709699L, -1309468590L, 953068260L, 
1486810407L, 673101181L, -1665524620L, -939129254L, 1084310181L, 
2061207743L, -2106115258L, 1128303056L, 693410803L, -19152111L, 
1860653888L, -301565154L, 1237697513L, 306006299L, -1189387478L, 
-1475173300L, 1146661903L, 1167006848L, 1289386228L, 1156834440L, 
-1937472198L, 1229632336L, -1360446356L, -532672364L, -1753171630L, 
416483040L, 1701634252L, -92090208L, 965529986L, -1105194776L, 
792039660L, -59428804L, -1033588622L, 1797625968L, 2114558500L, 
1386689080L, -721477094L, 138029264L, 152081980L, -193252204L, 
1105749122L, -159658048L, -1126038212L, -444467568L, -2039133150L, 
-600569848L, 2030736524L, 1459812380L, 776119442L, 1957440640L, 
-1220772844L, -1509276888L, -100414406L, -595686192L, 1776520300L, 
1464186548L, 597090322L, 1398009824L, 7173068L, 1334703584L, 
443710498L, 1965536552L, -425582324L, 2046275132L, -820382478L, 
1256659184L, -644913340L, 1435578456L, 1639873082L, 1300080880L, 
-1020054852L, 1586987540L, 1268268226L, -1637218720L, 2117367164L, 
-2132984624L, 318401570L, 137689256L, -2097570420L, -1001195076L, 
-460244942L, 2063002432L, 154990260L, -1715146424L, -227286342L, 
-1967753456L, 1320241388L, 1656707156L, 1674186514L, 1451995552L, 
373379020L, 1668937568L, 1422337218L, 1317367336L, 1626851756L, 
-2138373316L, 1388450674L, -42232016L, -1002567644L, 115891768L, 
485524186L, 239097744L, -251147012L, -1034820204L, 1987081026L, 
813627904L, -454289348L, -348767664L, -1314135902L, 1712538440L, 
1331433996L, -1641729316L, -1247188910L, 400366720L, -219664556L, 
-399867928L, 162949882L, -1166262448L, -2015214548L, 1931370868L, 
633247378L, -1634338208L, 1769445516L, 1585465696L, 1864718562L, 
-11107160L, -2144416052L, -909977092L, -363502670L, -182780944L, 
1758616004L, -185995944L, -605206150L, 82098608L, -577437252L, 
-591774124L, -1338709566L, -1331655904L, 1148820412L, -1176199088L, 
-717364254L, 1197967208L, 1130045260L, 1678376700L, -83886350L, 
1925446912L, 325727348L, 1099931144L, 1454595514L, 397886928L, 
458842092L, -151880812L, -1758900014L, 1169378400L, 942347596L, 
-844453088L, 792443522L, 929178088L, -1612930068L, -648051140L, 
418266738L, 1537528688L, 1128533284L, -1687500232L, 833089946L, 
-1950562864L, -730434116L, 1468016276L, -750796158L, -590142016L, 
-558772420L, -17894768L, 1869481762L, 1666323976L, 2035307276L, 
-1921610852L, -1690819566L, 453096320L, -471405804L, -822827736L, 
-1947389894L, -1998416944L, 1841236588L, -152441804L, -542517102L, 
-1364917920L, -669770420L, 1607470560L, -800525406L, -492086360L, 
-1114870644L, -1451473988L, -1502368654L, -2012968976L, -1417808828L, 
-1356511144L, -1250582470L, 273551472L, -1981970884L, -1035204844L, 
1867733698L, 2005009120L, -683807620L, 292089040L, 851508130L, 
2084105768L, -1881634548L, 1187731388L, 120510770L, 242106560L, 
-822906316L, -1911665976L, 1884924602L, -194464624L, 415471340L, 
-371556780L, -46758254L, 1935066912L, -496011316L, -1175994144L, 
-1937899838L, 58111016L, -1396302932L, -2096088388L, 1155729906L, 
1215878704L, 1303852964L, -1660325448L, 1156088666L, 2107831440L, 
-1714738308L, -2145917164L, 1667747138L, 1781624576L, 1629672380L, 
-778449072L, -1034614494L, -1088396728L, -1214509044L, -1813719972L, 
528003538L, 1197522432L, -907501228L, -239054616L, 170621759L, 
-763883816L, 305974006L, 1649317123L, 1621605957L, 510854754L, 
-428384816L, 1492212473L, 1661614123L, -812202084L, -133695542L, 
-1886482241L, -707878391L, -165246178L, -1787571508L, 227928733L, 
705750823L, -1985722032L, 915093486L, 882186395L, 2004103933L, 
-1827399190L, -1150270840L, -810953679L, -325282141L, 1103441572L, 
-1513582766L, 1891280551L, -526353679L, -542272970L, 895438548L, 
-917400987L, 1554960495L, 2056872L, -1187811322L, 949890355L, 
-1578212971L, -424362510L, 1376379456L, -906347607L, 2131850779L, 
-1270362132L, 610342906L, -1791185873L, 2134838329L, 803839566L, 
82554524L, 1241900045L, 572618871L, 449769600L, 1060964062L, 
-645612117L, 1371188909L, 1999917850L, 1783688152L, -548693951L, 
-759265549L, -159799020L, -2029396830L, -21145161L, 931790209L, 
859315078L, -739395132L, 1199386869L, 74432863L, -2116219976L, 
-1486979434L, 562702499L, -875064731L, -1371973758L, 1712680176L, 
-1352743783L, 762133643L, -155400836L, 884933546L, -1807363105L, 
262650217L, -51718786L, -1733298836L, -1482560067L, -1349562745L, 
1809914480L, 1183965454L, -896405957L, 443768093L, 1727719370L, 
-1915498264L, -1845435439L, 1130153411L, 1384668868L, -1814125198L, 
702380103L, 1683549201L, -1953542762L, -1649438476L, 784743045L, 
40891343L, 1314863816L, -1288357018L, -1012022893L, -535311627L, 
125362898L, 1210223904L, -928275191L, -1610292677L, -524863604L, 
1732187674L, -474001777L, -1597011495L, 965344878L, -548463108L, 
1965303661L, -535424745L, -1611252512L, -500600130L, 1654734987L, 
159031053L, 1388588858L, -845289608L, 891321633L, -1539564077L, 
-780985100L, -1949035134L, 742002711L, 1923872481L, -229609434L, 
958539044L, 299257301L, 1734324607L, -1058525160L, 830263094L, 
-1869751869L, 604788741L, -914465886L, -1560148080L, 1304585017L, 
1807579115L, -1261102884L, -1775728374L, -1289193473L, 1298496073L, 
905486302L, -744624244L, -413524131L, 1912489831L, -1033339760L, 
